motif=chimera_L8_seed2
n=512
m=3072
zbar=12.0
d_s=1.4807987567649512
R2=0.8584689259750274
Lambda=3.4886781968651865
eps_spec=0.0501415556822349
anisotropy=0.04069829447344782
