relative_residual_first_576 = 1.918083e+00
d_s = 0.9930640863268976, R2 = 0.816139976424316
