motif=chimera_L8_seed1
n=512
m=3072
zbar=12.0
d_s=1.4814341326817042
R2=0.8586346722508476
Lambda=3.496295556528442
eps_spec=0.049642124075009446
anisotropy=0.035563788875774716
