motif=chimera_L8_seed3
n=512
m=3072
zbar=12.0
d_s=1.4807288896873227
R2=0.8584661173930668
Lambda=3.4887444051504826
eps_spec=0.05010849644920119
anisotropy=0.023461462438111994
